x(0): 15752.9822673459384532	 φ: 0.2326749301015076   λ: 1481.2471032087387357   μ: 0.0000017881394498   σ: 0.6881726993040072   δ: 8749.8283360036621161   fitness: 2576.7587797077740106

x(0): 15644.3615424376348528	 φ: 0.2214988657788065   λ: 1692.0150604535301682   μ: 0.6432319070835059   σ: 3.1250059604758462   δ: 10103.3035782406350336   fitness: 2644.3201981118590993

